   11       -986.817       -261.931
   12       -990.956       -625.378
   13       -990.885       -942.741
   23       -743.545       -959.177
   22        -744.22       -594.693
   21       -747.428       -261.789
   31       -450.029       -313.698
   32       -456.897       -688.851
   33           -462          -1044
   43            -76          -1106
   42        -74.355       -760.839
   41        -72.947       -354.419
   51         390.44       -340.799
   52        389.322       -713.499
   53        389.113      -1123.827
   71        945.954        -302.38
   91       1169.416       -262.069
   92       1160.456       -566.157
   93       1146.144       -874.014
   72            930           -648
   73            920           -997
   61            777           -354
   62          767.5         -678.5
   63          760.5        -1084.5