   11      -1155.898       -258.844
   12      -1136.752       -584.925
   13       -1116.73       -870.752
   31       -985.493       -308.397
   32       -970.019       -657.521
   33       -955.351       -988.933
   41       -876.414        -349.44
   42       -852.973       -737.964
   43       -834.765      -1068.628
   51           -548           -344
   52           -525           -715
   53           -497          -1126
   61        -75.612       -365.757
   62        -58.111       -704.763
   63        -31.023      -1129.757
   71        345.523       -317.028
   72            362           -688
   73        381.598      -1065.484
   81            680           -268
   82            695           -624
   83            712           -986
   91            933           -279
   92            945           -621
   93            951           -965